10
Kim
2
KR EN
1
1 1 1 1 0 0 0 0 0
0
0
1
0 0 0 0 1 1 1 1 1
0
Oyniso
3
RU KR UZ
1
1 1 1 1 0 0 0 0 0
0
1
0 0 0 0 1 1 1 1 1
0
0
Yong
2
KR CN
1
0 0 0 0 1 1 1 1 1
0
0
0
1
1 1 1 1 0 0 0 0 0
Gue
3
KR CN EN
1
0 0 0 0 1 1 1 1 1
0
0
1
1 1 1 1 0 0 0 0 0
0
Jerin
4
EN KR BR HN
0
1
1 1 1 1 0 0 0 0 0
0
1
0 0 0 0 1 1 1 1 1
0
Yerdos
5
KR EN UZ KZ RU
0
1
1 1 1 1 1 0 0 0 0
0
0
1
1 1 1 1 0 0 0 0 0
Mai
4
EN KR HN BR
0
1
0 0 0 0 1 1 1 1 1
1
1 1 1 1 0 0 0 0 0
0
0
Lee
2
KR EN
0
1
0 0 0 0 0 0 1 1 1
1
0 0 0 0 1 1 1 1 1
0
0
Thu
3
BR EN KR
0
0
1
1 1 1 1 0 0 0 0 0
0
1
0 0 0 0 1 1 1 1 1
Yerim
2
EN KR
0
0
0
1
1 1 1 0 0 0 0 0 0
1
0 0 0 0 1 1 1 1 1
